1 20413
2 24242.6
3 27883.2
4 29791.2
5 31575.3
6 33002.3
7 33948.1
8 34351.7
9 34701.4
10 34960
11 35186
12 35406.3
13 35616.3
14 35818.5
15 36008.4
16 36180.1
17 36320.7
18 36450.3
19 36577.5
20 36700.7
21 36818.4
22 36927.5
23 37032.4
24 37199.4
25 37300.4
26 37392
27 37476.3
28 37557.8
29 37646.4
30 37720.8
31 37795.1
32 37861.2
33 37918.8
34 37974.9
35 38020.7
36 38061
37 38098.1
38 38134.8
39 38164.4
40 38189.5
41 38214.3
42 38237.9
43 38261.2
44 38283.9
45 38305.7
46 38330.2
47 38351.6
48 38372.5
49 38391.1
50 38405.6
51 38419.4
52 38432.6
53 38447.6
54 38460.4
55 38473
56 38482.5
57 38492
58 38500.9
59 38508.9
60 38515.9
61 38522.8
62 38528.1
63 38532
64 38535.4
65 38538.1
66 38543.8
67 38546.1
68 38548.2
69 38550.3
70 38552
71 38553.7
72 38554.9
73 38555.4
74 38556.8
75 38556.8
76 38556.8
